514
278 242
275 231
272 218
275 208
279 204
285 200
292 199
300 198
306 198
315 198
320 200
326 204
328 209
332 214
334 219
335 225
336 232
335 235
334 241
333 247
332 251
331 256
329 262
325 266
321 273
316 277
310 280
305 282
299 285
293 285
287 287
279 288
274 288
268 289
264 289
258 286
251 286
246 284
240 279
234 270
228 261
223 255
221 246
219 233
219 225
219 211
222 202
224 192
229 183
236 175
241 168
246 162
254 155
259 153
266 149
274 147
281 147
287 146
294 146
300 146
306 145
314 145
320 146
326 147
333 149
339 150
347 154
354 157
358 162
363 165
369 170
375 175
380 181
386 186
388 191
389 199
391 207
393 214
392 222
394 231
393 239
392 248
390 256
390 259
387 267
385 274
382 283
377 289
372 297
367 300
362 306
358 310
353 320
349 324
348 328
320 361
304 370
297 376
291 379
284 383
278 385
262 390
246 391
227 389
209 383
201 375
187 359
182 348
179 333
175 323
174 312
174 301
173 291
172 277
172 269
149 271
138 258
126 243
114 225
111 210
113 190
117 176
123 164
130 153
139 142
153 133
168 128
181 126
196 123
211 124
212 99
213 79
220 62
229 48
238 40
248 30
262 24
274 23
291 22
304 21
315 23
326 24
332 27
339 31
347 34
354 41
359 43
364 50
368 55
370 59
374 64
374 71
377 77
380 83
387 82
397 81
406 80
412 80
422 80
435 81
443 83
452 84
461 88
469 92
474 95
480 99
487 103
493 107
496 110
497 114
501 118
503 124
505 129
508 134
510 141
510 144
511 150
512 154
512 158
511 166
509 170
508 176
506 182
505 189
503 195
500 198
495 201
493 205
486 210
480 215
474 218
470 222
466 225
539 289
483 398
373 370
363 364
354 362
350 358
342 353
338 352
336 352
347 373
355 400
363 437
316 405
241 401
186 416
181 418
177 418
172 416
167 414
162 411
157 409
180 466
270 514
362 448
365 449
370 455
373 460
373 461
376 466
379 469
414 429
438 414
493 398
500 398
507 398
521 388
521 395
521 400
521 405
520 413
519 423
519 431
518 440
515 448
511 454
507 459
498 464
487 469
480 472
465 473
456 477
442 479
431 479
419 479
413 477
400 477
387 472
379 470
386 478
387 486
388 494
389 519
384 544
381 558
377 567
375 576
376 569
378 561
381 550
383 540
384 530
385 518
386 504
385 486
384 476
382 470
380 467
384 466
388 465
397 462
408 458
416 455
426 453
435 450
442 446
450 444
459 440
469 435
477 431
483 425
490 421
497 415
503 408
507 402
512 397
519 389
504 405
496 414
490 420
494 420
503 420
512 420
517 420
519 420
508 418
490 421
479 429
472 433
467 425
468 418
468 410
468 408
468 403
470 432
459 438
452 440
448 443
461 446
475 452
487 453
495 453
500 453
505 453
511 452
503 454
494 452
485 452
464 446
446 443
437 445
434 447
427 450
428 445
428 437
430 429
431 423
433 421
434 417
428 437
428 451
428 454
414 456
407 456
404 458
405 460
413 465
419 468
425 470
431 473
436 474
441 475
442 475
436 474
421 468
410 462
402 456
395 461
387 463
381 464
374 463
373 457
368 452
358 449
356 450
352 451
271 513
181 464
157 407
182 465
274 513
360 448
361 441
350 441
340 441
324 441
303 441
284 438
276 438
250 434
235 434
217 433
202 431
178 423
171 420
166 418
158 412
179 424
203 431
218 432
212 438
207 442
200 446
195 448
192 450
187 448
200 447
207 441
214 432
224 431
233 432
240 433
241 426
239 421
236 415
234 413
231 411
226 408
236 416
240 427
240 435
245 433
251 433
258 433
261 437
257 442
254 445
251 452
247 454
241 457
237 460
231 463
222 466
234 459
246 455
254 446
256 438
257 434
257 434
268 434
277 435
287 436
295 435
298 435
301 436
300 433
300 428
298 421
294 415
290 413
282 408
291 413
299 423
299 431
300 438
305 438
310 439
315 439
316 440
320 440
316 444
311 449
303 453
297 457
291 460
284 464
280 467
274 471
260 477
275 469
281 464
287 461
293 458
300 454
307 449
312 447
316 444
318 441
329 440
343 438
355 439
361 441
362 440
362 440
367 442
365 440
362 439
316 404
242 400
187 416
242 401
316 404
363 439
318 405
243 401
186 415
242 402
318 406
366 438
355 400
345 371
336 353
346 376
355 401
366 441
355 401
346 372
335 354
338 352
344 353
352 358
364 366
372 371
375 371
484 399
540 291
466 226
541 291
484 398
374 371
484 399
542 290
467 227
540 290
485 399
374 370
485 398
540 289
467 227
540 288
483 397
374 370
